// TransfromTriangles data
        /* [00000000] = 000 */     /* Triangle = null */
        /* [00000001] = 001 */     19, 18, 15,
        /* [00000010] = 002 */     18, 17, 14,
        /* [00000011] = 003 */     19, 17, 14, 14, 15, 19,
        /* [00000100] = 004 */     17, 16, 13,
        /* [00000101] = 005 */     15, 19, 16, 15, 17, 18, 15, 13, 17, 15, 16, 13,
        /* [00000110] = 006 */     18, 16, 13, 13, 14, 18,
        /* [00000111] = 007 */     13, 15, 19, 19, 16, 13, 13, 14, 15,
        /* [00001000] = 008 */     16, 19, 12,
        /* [00001001] = 009 */     15, 12, 16, 16, 18, 15,
        /* [00001010] = 010 */     14, 18, 19, 14, 16, 17, 14, 12, 16, 14, 19, 12,
        /* [00001011] = 011 */     16, 17, 14, 14, 12, 16, 14, 15, 12,
        /* [00001100] = 012 */     17, 19, 12, 12, 13, 17,
        /* [00001101] = 013 */     17, 18, 15, 15, 13, 17, 15, 12, 13,
        /* [00001110] = 014 */     12, 14, 18, 18, 19, 12, 12, 13, 14,
        /* [00001111] = 015 */     13, 14, 15, 15, 12, 13,
        /* [00010000] = 016 */     11, 15, 10,
        /* [00010001] = 017 */     18, 10, 11, 11, 19, 18,
        /* [00010010] = 018 */     17, 14, 10, 17, 15, 18, 17, 11, 15, 17, 10, 11,
        /* [00010011] = 019 */     11, 17, 14, 14, 10, 11, 11, 19, 17,
        /* [00010100] = 020 */     11, 15, 10, 17, 16, 13,
        /* [00010101] = 021 */     17, 18, 13, 19, 16, 13, 18, 10, 13, 11, 19, 13, 10, 11, 13,
        /* [00010110] = 022 */     15, 18, 11, 14, 10, 11, 18, 16, 11, 13, 14, 11, 16, 13, 11,
        /* [00010111] = 023 */     13, 14, 16, 11, 19, 16, 14, 10, 11, 14, 11, 16,
        /* [00011000] = 024 */     16, 19, 15, 16, 11, 12, 16, 10, 11, 16, 15, 10,
        /* [00011001] = 025 */     11, 12, 16, 16, 10, 11, 16, 18, 10,
        /* [00011010] = 026 */     18, 19, 15, 14, 10, 11, 12, 16, 17, 14, 11, 12, 12, 17, 14,
        /* [00011011] = 027 */     16, 17, 14, 10, 11, 12, 12, 16, 14, 14, 10, 12,
        /* [00011100] = 028 */     11, 12, 10, 19, 15, 10, 12, 13, 10, 17, 19, 10, 13, 17, 10,
        /* [00011101] = 029 */     18, 10, 17, 12, 13, 17, 10, 11, 12, 10, 12, 17,
        /* [00011110] = 030 */     14, 10, 11, 11, 12, 14, 12, 13, 14, 15, 18, 19,
        /* [00011111] = 031 */     14, 10, 11, 11, 12, 14, 12, 13, 14,
        /* [00100000] = 032 */     10, 14, 9,
        /* [00100001] = 033 */     19, 18, 14, 19, 10, 15, 19, 9, 10, 19, 14, 9,
        /* [00100010] = 034 */     17, 9, 10, 10, 18, 17,
        /* [00100011] = 035 */     10, 15, 19, 19, 9, 10, 19, 17, 9,
        /* [00100100] = 036 */     16, 13, 9, 16, 14, 17, 16, 10, 14, 16, 9, 10,
        /* [00100101] = 037 */     17, 18, 14, 13, 9, 10, 15, 19, 16, 13, 10, 15, 15, 16, 13,
        /* [00100110] = 038 */     10, 16, 13, 13, 9, 10, 10, 18, 16,
        /* [00100111] = 039 */     13, 9, 10, 15, 19, 16, 16, 13, 10, 10, 15, 16,
        /* [00101000] = 040 */     10, 14, 9, 16, 19, 12,
        /* [00101001] = 041 */     10, 15, 9, 18, 14, 9, 15, 12, 9, 16, 18, 9, 12, 16, 9,
        /* [00101010] = 042 */     16, 17, 12, 18, 19, 12, 17, 9, 12, 10, 18, 12, 9, 10, 12,
        /* [00101011] = 043 */     17, 9, 16, 15, 12, 16, 9, 10, 15, 9, 15, 16,
        /* [00101100] = 044 */     14, 17, 10, 13, 9, 10, 17, 19, 10, 12, 13, 10, 19, 12, 10,
        /* [00101101] = 045 */     13, 9, 10, 10, 15, 13, 15, 12, 13, 14, 17, 18,
        /* [00101110] = 046 */     10, 18, 19, 12, 13, 19, 13, 9, 10, 13, 10, 19,
        /* [00101111] = 047 */     13, 9, 10, 10, 15, 13, 15, 12, 13,
        /* [00110000] = 048 */     15, 14, 9, 9, 11, 15,
        /* [00110001] = 049 */     9, 19, 18, 18, 14, 9, 9, 11, 19,
        /* [00110010] = 050 */     15, 18, 17, 17, 11, 15, 17, 9, 11,
        /* [00110011] = 051 */     19, 17, 9, 9, 11, 19,
        /* [00110100] = 052 */     13, 9, 16, 14, 17, 16, 9, 11, 16, 15, 14, 16, 11, 15, 16,
        /* [00110101] = 053 */     13, 9, 19, 19, 16, 13, 9, 11, 19, 14, 17, 18,
        /* [00110110] = 054 */     9, 11, 15, 18, 16, 15, 16, 13, 9, 16, 9, 15,
        /* [00110111] = 055 */     13, 9, 19, 19, 16, 13, 9, 11, 19,
        /* [00111000] = 056 */     19, 15, 16, 11, 12, 16, 15, 14, 16, 9, 11, 16, 14, 9, 16,
        /* [00111001] = 057 */     16, 18, 14, 9, 11, 14, 11, 12, 16, 11, 16, 14,
        /* [00111010] = 058 */     16, 17, 11, 11, 12, 16, 17, 9, 11, 15, 18, 19,
        /* [00111011] = 059 */     16, 17, 11, 11, 12, 16, 17, 9, 11,
        /* [00111100] = 060 */     11, 12, 13, 13, 9, 11, 14, 17, 19, 19, 15, 14,
        /* [00111101] = 061 */     11, 12, 13, 13, 9, 11, 14, 17, 18,
        /* [00111110] = 062 */     11, 12, 13, 13, 9, 11, 15, 18, 19,
        /* [00111111] = 063 */     11, 12, 13, 13, 9, 11,
        /* [01000000] = 064 */     9, 13, 8,
        /* [01000001] = 065 */     9, 13, 8, 19, 18, 15,
        /* [01000010] = 066 */     18, 17, 13, 18, 9, 14, 18, 8, 9, 18, 13, 8,
        /* [01000011] = 067 */     9, 14, 8, 17, 13, 8, 14, 15, 8, 19, 17, 8, 15, 19, 8,
        /* [01000100] = 068 */     16, 8, 9, 9, 17, 16,
        /* [01000101] = 069 */     19, 16, 15, 17, 18, 15, 16, 8, 15, 9, 17, 15, 8, 9, 15,
        /* [01000110] = 070 */     9, 14, 18, 18, 8, 9, 18, 16, 8,
        /* [01000111] = 071 */     14, 15, 19, 16, 8, 19, 8, 9, 14, 8, 14, 19,
        /* [01001000] = 072 */     19, 12, 8, 19, 13, 16, 19, 9, 13, 19, 8, 9,
        /* [01001001] = 073 */     13, 16, 9, 12, 8, 9, 16, 18, 9, 15, 12, 9, 18, 15, 9,
        /* [01001010] = 074 */     16, 17, 13, 12, 8, 9, 14, 18, 19, 12, 9, 14, 14, 19, 12,
        /* [01001011] = 075 */     9, 14, 12, 12, 8, 9, 14, 15, 12, 13, 16, 17,
        /* [01001100] = 076 */     9, 19, 12, 12, 8, 9, 9, 17, 19,
        /* [01001101] = 077 */     9, 17, 18, 15, 12, 18, 12, 8, 9, 12, 9, 18,
        /* [01001110] = 078 */     8, 9, 14, 18, 19, 12, 12, 8, 14, 14, 18, 12,
        /* [01001111] = 079 */     9, 14, 12, 12, 8, 9, 14, 15, 12,
        /* [01010000] = 080 */     15, 10, 9, 15, 8, 11, 15, 13, 8, 15, 9, 13,
        /* [01010001] = 081 */     8, 11, 13, 10, 9, 13, 11, 19, 13, 18, 10, 13, 19, 18, 13,
        /* [01010010] = 082 */     14, 10, 9, 17, 13, 8, 11, 15, 18, 17, 8, 11, 11, 18, 17,
        /* [01010011] = 083 */     17, 13, 8, 8, 11, 17, 11, 19, 17, 9, 14, 10,
        /* [01010100] = 084 */     10, 9, 15, 8, 11, 15, 9, 17, 15, 16, 8, 15, 17, 16, 15,
        /* [01010101] = 085 */     8, 11, 19, 19, 16, 8, 10, 9, 17, 17, 18, 10,
        /* [01010110] = 086 */     15, 18, 8, 8, 11, 15, 18, 16, 8, 9, 14, 10,
        /* [01010111] = 087 */     8, 11, 19, 19, 16, 8, 9, 14, 10,
        /* [01011000] = 088 */     11, 12, 8, 10, 9, 13, 16, 19, 15, 10, 13, 16, 16, 15, 10,
        /* [01011001] = 089 */     8, 11, 12, 13, 16, 10, 10, 9, 13, 16, 18, 10,
        /* [01011010] = 090 */     8, 11, 12, 9, 14, 10, 13, 16, 17, 15, 18, 19,
        /* [01011011] = 091 */     8, 11, 12, 9, 14, 10, 13, 16, 17,
        /* [01011100] = 092 */     8, 11, 12, 19, 15, 10, 10, 9, 19, 9, 17, 19,
        /* [01011101] = 093 */     8, 11, 12, 10, 9, 17, 17, 18, 10,
        /* [01011110] = 094 */     8, 11, 12, 9, 14, 10, 15, 18, 19,
        /* [01011111] = 095 */     8, 11, 12, 9, 14, 10,
        /* [01100000] = 096 */     14, 13, 8, 8, 10, 14,
        /* [01100001] = 097 */     18, 14, 19, 10, 15, 19, 14, 13, 19, 8, 10, 19, 13, 8, 19,
        /* [01100010] = 098 */     8, 18, 17, 17, 13, 8, 8, 10, 18,
        /* [01100011] = 099 */     8, 10, 13, 19, 17, 13, 10, 15, 19, 10, 19, 13,
        /* [01100100] = 100 */     14, 17, 16, 16, 10, 14, 16, 8, 10,
        /* [01100101] = 101 */     10, 15, 19, 19, 16, 10, 16, 8, 10, 14, 17, 18,
        /* [01100110] = 102 */     8, 10, 18, 18, 16, 8,
        /* [01100111] = 103 */     10, 15, 19, 19, 16, 10, 16, 8, 10,
        /* [01101000] = 104 */     12, 8, 19, 13, 16, 19, 8, 10, 19, 14, 13, 19, 10, 14, 19,
        /* [01101001] = 105 */     12, 8, 10, 10, 15, 12, 13, 16, 18, 18, 14, 13,
        /* [01101010] = 106 */     18, 19, 12, 12, 8, 18, 8, 10, 18, 13, 16, 17,
        /* [01101011] = 107 */     12, 8, 10, 10, 15, 12, 13, 16, 17,
        /* [01101100] = 108 */     8, 10, 14, 17, 19, 14, 19, 12, 8, 19, 8, 14,
        /* [01101101] = 109 */     12, 8, 10, 10, 15, 12, 14, 17, 18,
        /* [01101110] = 110 */     18, 19, 12, 12, 8, 18, 8, 10, 18,
        /* [01101111] = 111 */     12, 8, 10, 10, 15, 12,
        /* [01110000] = 112 */     8, 11, 15, 15, 13, 8, 15, 14, 13,
        /* [01110001] = 113 */     11, 19, 18, 14, 13, 18, 13, 8, 11, 13, 11, 18,
        /* [01110010] = 114 */     8, 11, 15, 18, 17, 13, 13, 8, 15, 15, 18, 13,
        /* [01110011] = 115 */     17, 13, 8, 8, 11, 17, 11, 19, 17,
        /* [01110100] = 116 */     15, 14, 17, 16, 8, 17, 8, 11, 15, 8, 15, 17,
        /* [01110101] = 117 */     8, 11, 19, 19, 16, 8, 14, 17, 18,
        /* [01110110] = 118 */     15, 18, 8, 8, 11, 15, 18, 16, 8,
        /* [01110111] = 119 */     8, 11, 19, 19, 16, 8,
        /* [01111000] = 120 */     8, 11, 12, 19, 15, 13, 13, 16, 19, 15, 14, 13,
        /* [01111001] = 121 */     8, 11, 12, 13, 16, 18, 18, 14, 13,
        /* [01111010] = 122 */     8, 11, 12, 13, 16, 17, 15, 18, 19,
        /* [01111011] = 123 */     8, 11, 12, 13, 16, 17,
        /* [01111100] = 124 */     8, 11, 12, 14, 17, 19, 19, 15, 14,
        /* [01111101] = 125 */     8, 11, 12, 14, 17, 18,
        /* [01111110] = 126 */     8, 11, 12, 15, 18, 19,
        /* [01111111] = 127 */     8, 11, 12,
        /* [10000000] = 128 */     12, 11, 8,
        /* [10000001] = 129 */     18, 15, 11, 18, 12, 19, 18, 8, 12, 18, 11, 8,
        /* [10000010] = 130 */     12, 11, 8, 18, 17, 14,
        /* [10000011] = 131 */     12, 19, 8, 15, 11, 8, 19, 17, 8, 14, 15, 8, 17, 14, 8,
        /* [10000100] = 132 */     17, 16, 12, 17, 8, 13, 17, 11, 8, 17, 12, 11,
        /* [10000101] = 133 */     19, 16, 12, 15, 11, 8, 13, 17, 18, 15, 8, 13, 13, 18, 15,
        /* [10000110] = 134 */     8, 13, 11, 16, 12, 11, 13, 14, 11, 18, 16, 11, 14, 18, 11,
        /* [10000111] = 135 */     15, 11, 8, 8, 13, 15, 13, 14, 15, 12, 19, 16,
        /* [10001000] = 136 */     19, 11, 8, 8, 16, 19,
        /* [10001001] = 137 */     8, 18, 15, 15, 11, 8, 8, 16, 18,
        /* [10001010] = 138 */     18, 19, 14, 16, 17, 14, 19, 11, 14, 8, 16, 14, 11, 8, 14,
        /* [10001011] = 139 */     8, 16, 17, 14, 15, 17, 15, 11, 8, 15, 8, 17,
        /* [10001100] = 140 */     8, 13, 17, 17, 11, 8, 17, 19, 11,
        /* [10001101] = 141 */     8, 13, 17, 18, 15, 11, 11, 8, 17, 17, 18, 11,
        /* [10001110] = 142 */     13, 14, 18, 19, 11, 18, 11, 8, 13, 11, 13, 18,
        /* [10001111] = 143 */     15, 11, 8, 8, 13, 15, 13, 14, 15,
        /* [10010000] = 144 */     10, 8, 12, 12, 15, 10,
        /* [10010001] = 145 */     12, 19, 18, 18, 8, 12, 18, 10, 8,
        /* [10010010] = 146 */     14, 10, 17, 15, 18, 17, 10, 8, 17, 12, 15, 17, 8, 12, 17,
        /* [10010011] = 147 */     19, 17, 12, 10, 8, 12, 17, 14, 10, 17, 10, 12,
        /* [10010100] = 148 */     16, 12, 17, 8, 13, 17, 12, 15, 17, 10, 8, 17, 15, 10, 17,
        /* [10010101] = 149 */     17, 18, 8, 8, 13, 17, 18, 10, 8, 12, 19, 16,
        /* [10010110] = 150 */     8, 13, 14, 14, 10, 8, 16, 12, 15, 15, 18, 16,
        /* [10010111] = 151 */     8, 13, 14, 14, 10, 8, 12, 19, 16,
        /* [10011000] = 152 */     19, 15, 10, 10, 16, 19, 10, 8, 16,
        /* [10011001] = 153 */     8, 16, 18, 18, 10, 8,
        /* [10011010] = 154 */     16, 17, 14, 14, 10, 16, 10, 8, 16, 15, 18, 19,
        /* [10011011] = 155 */     16, 17, 14, 14, 10, 16, 10, 8, 16,
        /* [10011100] = 156 */     17, 19, 15, 10, 8, 15, 8, 13, 17, 8, 17, 15,
        /* [10011101] = 157 */     17, 18, 8, 8, 13, 17, 18, 10, 8,
        /* [10011110] = 158 */     8, 13, 14, 14, 10, 8, 15, 18, 19,
        /* [10011111] = 159 */     8, 13, 14, 14, 10, 8,
        /* [10100000] = 160 */     14, 9, 8, 14, 11, 10, 14, 12, 11, 14, 8, 12,
        /* [10100001] = 161 */     15, 11, 10, 9, 8, 12, 19, 18, 14, 9, 12, 19, 19, 14, 9,
        /* [10100010] = 162 */     11, 10, 12, 9, 8, 12, 10, 18, 12, 17, 9, 12, 18, 17, 12,
        /* [10100011] = 163 */     12, 19, 9, 9, 8, 12, 19, 17, 9, 10, 15, 11,
        /* [10100100] = 164 */     13, 9, 8, 16, 12, 11, 10, 14, 17, 16, 11, 10, 10, 17, 16,
        /* [10100101] = 165 */     8, 13, 9, 10, 15, 11, 12, 19, 16, 14, 17, 18,
        /* [10100110] = 166 */     8, 13, 9, 16, 12, 11, 11, 10, 16, 10, 18, 16,
        /* [10100111] = 167 */     8, 13, 9, 10, 15, 11, 12, 19, 16,
        /* [10101000] = 168 */     9, 8, 14, 11, 10, 14, 8, 16, 14, 19, 11, 14, 16, 19, 14,
        /* [10101001] = 169 */     18, 14, 9, 9, 8, 18, 8, 16, 18, 10, 15, 11,
        /* [10101010] = 170 */     9, 8, 16, 16, 17, 9, 11, 10, 18, 18, 19, 11,
        /* [10101011] = 171 */     9, 8, 16, 16, 17, 9, 10, 15, 11,
        /* [10101100] = 172 */     8, 13, 9, 14, 17, 11, 11, 10, 14, 17, 19, 11,
        /* [10101101] = 173 */     8, 13, 9, 10, 15, 11, 14, 17, 18,
        /* [10101110] = 174 */     8, 13, 9, 11, 10, 18, 18, 19, 11,
        /* [10101111] = 175 */     8, 13, 9, 10, 15, 11,
        /* [10110000] = 176 */     12, 14, 9, 9, 8, 12, 12, 15, 14,
        /* [10110001] = 177 */     8, 12, 19, 18, 14, 9, 9, 8, 19, 19, 18, 9,
        /* [10110010] = 178 */     12, 15, 18, 17, 9, 18, 9, 8, 12, 9, 12, 18,
        /* [10110011] = 179 */     12, 19, 9, 9, 8, 12, 19, 17, 9,
        /* [10110100] = 180 */     8, 13, 9, 14, 17, 16, 16, 12, 14, 12, 15, 14,
        /* [10110101] = 181 */     8, 13, 9, 12, 19, 16, 14, 17, 18,
        /* [10110110] = 182 */     8, 13, 9, 16, 12, 15, 15, 18, 16,
        /* [10110111] = 183 */     8, 13, 9, 12, 19, 16,
        /* [10111000] = 184 */     8, 16, 19, 15, 14, 19, 14, 9, 8, 14, 8, 19,
        /* [10111001] = 185 */     18, 14, 9, 9, 8, 18, 8, 16, 18,
        /* [10111010] = 186 */     9, 8, 16, 16, 17, 9, 15, 18, 19,
        /* [10111011] = 187 */     9, 8, 16, 16, 17, 9,
        /* [10111100] = 188 */     8, 13, 9, 14, 17, 19, 19, 15, 14,
        /* [10111101] = 189 */     8, 13, 9, 14, 17, 18,
        /* [10111110] = 190 */     8, 13, 9, 15, 18, 19,
        /* [10111111] = 191 */     8, 13, 9,
        /* [11000000] = 192 */     13, 12, 11, 11, 9, 13,
        /* [11000001] = 193 */     15, 11, 18, 12, 19, 18, 11, 9, 18, 13, 12, 18, 9, 13, 18,
        /* [11000010] = 194 */     17, 13, 18, 9, 14, 18, 13, 12, 18, 11, 9, 18, 12, 11, 18,
        /* [11000011] = 195 */     9, 14, 15, 15, 11, 9, 12, 19, 17, 17, 13, 12,
        /* [11000100] = 196 */     11, 17, 16, 16, 12, 11, 11, 9, 17,
        /* [11000101] = 197 */     17, 18, 15, 15, 11, 17, 11, 9, 17, 12, 19, 16,
        /* [11000110] = 198 */     18, 16, 12, 11, 9, 12, 9, 14, 18, 9, 18, 12,
        /* [11000111] = 199 */     9, 14, 15, 15, 11, 9, 12, 19, 16,
        /* [11001000] = 200 */     19, 9, 13, 13, 16, 19, 19, 11, 9,
        /* [11001001] = 201 */     16, 18, 13, 11, 9, 13, 18, 15, 11, 18, 11, 13,
        /* [11001010] = 202 */     18, 19, 9, 9, 14, 18, 19, 11, 9, 13, 16, 17,
        /* [11001011] = 203 */     9, 14, 15, 15, 11, 9, 13, 16, 17,
        /* [11001100] = 204 */     9, 17, 19, 19, 11, 9,
        /* [11001101] = 205 */     17, 18, 15, 15, 11, 17, 11, 9, 17,
        /* [11001110] = 206 */     18, 19, 9, 9, 14, 18, 19, 11, 9,
        /* [11001111] = 207 */     9, 14, 15, 15, 11, 9,
        /* [11010000] = 208 */     10, 9, 13, 13, 15, 10, 13, 12, 15,
        /* [11010001] = 209 */     13, 12, 19, 18, 10, 19, 10, 9, 13, 10, 13, 19,
        /* [11010010] = 210 */     9, 14, 10, 15, 18, 17, 17, 13, 15, 13, 12, 15,
        /* [11010011] = 211 */     9, 14, 10, 12, 19, 17, 17, 13, 12,
        /* [11010100] = 212 */     9, 17, 16, 12, 15, 16, 15, 10, 9, 15, 9, 16,
        /* [11010101] = 213 */     10, 9, 17, 17, 18, 10, 12, 19, 16,
        /* [11010110] = 214 */     9, 14, 10, 16, 12, 15, 15, 18, 16,
        /* [11010111] = 215 */     9, 14, 10, 12, 19, 16,
        /* [11011000] = 216 */     9, 13, 16, 19, 15, 10, 10, 9, 16, 16, 19, 10,
        /* [11011001] = 217 */     13, 16, 10, 10, 9, 13, 16, 18, 10,
        /* [11011010] = 218 */     9, 14, 10, 13, 16, 17, 15, 18, 19,
        /* [11011011] = 219 */     9, 14, 10, 13, 16, 17,
        /* [11011100] = 220 */     19, 15, 10, 10, 9, 19, 9, 17, 19,
        /* [11011101] = 221 */     10, 9, 17, 17, 18, 10,
        /* [11011110] = 222 */     9, 14, 10, 15, 18, 19,
        /* [11011111] = 223 */     9, 14, 10,
        /* [11100000] = 224 */     11, 10, 14, 14, 12, 11, 14, 13, 12,
        /* [11100001] = 225 */     10, 15, 11, 18, 14, 12, 12, 19, 18, 14, 13, 12,
        /* [11100010] = 226 */     10, 18, 17, 13, 12, 17, 12, 11, 10, 12, 10, 17,
        /* [11100011] = 227 */     10, 15, 11, 12, 19, 17, 17, 13, 12,
        /* [11100100] = 228 */     10, 14, 17, 16, 12, 11, 11, 10, 17, 17, 16, 11,
        /* [11100101] = 229 */     10, 15, 11, 12, 19, 16, 14, 17, 18,
        /* [11100110] = 230 */     16, 12, 11, 11, 10, 16, 10, 18, 16,
        /* [11100111] = 231 */     10, 15, 11, 12, 19, 16,
        /* [11101000] = 232 */     14, 13, 16, 19, 11, 16, 11, 10, 14, 11, 14, 16,
        /* [11101001] = 233 */     10, 15, 11, 13, 16, 18, 18, 14, 13,
        /* [11101010] = 234 */     11, 10, 18, 18, 19, 11, 13, 16, 17,
        /* [11101011] = 235 */     10, 15, 11, 13, 16, 17,
        /* [11101100] = 236 */     14, 17, 11, 11, 10, 14, 17, 19, 11,
        /* [11101101] = 237 */     10, 15, 11, 14, 17, 18,
        /* [11101110] = 238 */     11, 10, 18, 18, 19, 11,
        /* [11101111] = 239 */     10, 15, 11,
        /* [11110000] = 240 */     12, 15, 14, 14, 13, 12,
        /* [11110001] = 241 */     18, 14, 12, 12, 19, 18, 14, 13, 12,
        /* [11110010] = 242 */     15, 18, 17, 17, 13, 15, 13, 12, 15,
        /* [11110011] = 243 */     12, 19, 17, 17, 13, 12,
        /* [11110100] = 244 */     14, 17, 16, 16, 12, 14, 12, 15, 14,
        /* [11110101] = 245 */     12, 19, 16, 14, 17, 18,
        /* [11110110] = 246 */     16, 12, 15, 15, 18, 16,
        /* [11110111] = 247 */     12, 19, 16,
        /* [11111000] = 248 */     19, 15, 13, 13, 16, 19, 15, 14, 13,
        /* [11111001] = 249 */     13, 16, 18, 18, 14, 13,
        /* [11111010] = 250 */     13, 16, 17, 15, 18, 19,
        /* [11111011] = 251 */     13, 16, 17,
        /* [11111100] = 252 */     14, 17, 19, 19, 15, 14,
        /* [11111101] = 253 */     14, 17, 18,
        /* [11111110] = 254 */     15, 18, 19,
        /* [11111111] = 255 */     /* Triangle = null */

 
 
 
 
// Informations to use TransfromTriangles data   [Start ID] , [Item Count]
        /* [00000000] = 000 */     0, 0,
        /* [00000001] = 001 */     0, 3,
        /* [00000010] = 002 */     3, 3,
        /* [00000011] = 003 */     6, 6,
        /* [00000100] = 004 */     12, 3,
        /* [00000101] = 005 */     15, 12,
        /* [00000110] = 006 */     27, 6,
        /* [00000111] = 007 */     33, 9,
        /* [00001000] = 008 */     42, 3,
        /* [00001001] = 009 */     45, 6,
        /* [00001010] = 010 */     51, 12,
        /* [00001011] = 011 */     63, 9,
        /* [00001100] = 012 */     72, 6,
        /* [00001101] = 013 */     78, 9,
        /* [00001110] = 014 */     87, 9,
        /* [00001111] = 015 */     96, 6,
        /* [00010000] = 016 */     102, 3,
        /* [00010001] = 017 */     105, 6,
        /* [00010010] = 018 */     111, 12,
        /* [00010011] = 019 */     123, 9,
        /* [00010100] = 020 */     132, 6,
        /* [00010101] = 021 */     138, 15,
        /* [00010110] = 022 */     153, 15,
        /* [00010111] = 023 */     168, 12,
        /* [00011000] = 024 */     180, 12,
        /* [00011001] = 025 */     192, 9,
        /* [00011010] = 026 */     201, 15,
        /* [00011011] = 027 */     216, 12,
        /* [00011100] = 028 */     228, 15,
        /* [00011101] = 029 */     243, 12,
        /* [00011110] = 030 */     255, 12,
        /* [00011111] = 031 */     267, 9,
        /* [00100000] = 032 */     276, 3,
        /* [00100001] = 033 */     279, 12,
        /* [00100010] = 034 */     291, 6,
        /* [00100011] = 035 */     297, 9,
        /* [00100100] = 036 */     306, 12,
        /* [00100101] = 037 */     318, 15,
        /* [00100110] = 038 */     333, 9,
        /* [00100111] = 039 */     342, 12,
        /* [00101000] = 040 */     354, 6,
        /* [00101001] = 041 */     360, 15,
        /* [00101010] = 042 */     375, 15,
        /* [00101011] = 043 */     390, 12,
        /* [00101100] = 044 */     402, 15,
        /* [00101101] = 045 */     417, 12,
        /* [00101110] = 046 */     429, 12,
        /* [00101111] = 047 */     441, 9,
        /* [00110000] = 048 */     450, 6,
        /* [00110001] = 049 */     456, 9,
        /* [00110010] = 050 */     465, 9,
        /* [00110011] = 051 */     474, 6,
        /* [00110100] = 052 */     480, 15,
        /* [00110101] = 053 */     495, 12,
        /* [00110110] = 054 */     507, 12,
        /* [00110111] = 055 */     519, 9,
        /* [00111000] = 056 */     528, 15,
        /* [00111001] = 057 */     543, 12,
        /* [00111010] = 058 */     555, 12,
        /* [00111011] = 059 */     567, 9,
        /* [00111100] = 060 */     576, 12,
        /* [00111101] = 061 */     588, 9,
        /* [00111110] = 062 */     597, 9,
        /* [00111111] = 063 */     606, 6,
        /* [01000000] = 064 */     612, 3,
        /* [01000001] = 065 */     615, 6,
        /* [01000010] = 066 */     621, 12,
        /* [01000011] = 067 */     633, 15,
        /* [01000100] = 068 */     648, 6,
        /* [01000101] = 069 */     654, 15,
        /* [01000110] = 070 */     669, 9,
        /* [01000111] = 071 */     678, 12,
        /* [01001000] = 072 */     690, 12,
        /* [01001001] = 073 */     702, 15,
        /* [01001010] = 074 */     717, 15,
        /* [01001011] = 075 */     732, 12,
        /* [01001100] = 076 */     744, 9,
        /* [01001101] = 077 */     753, 12,
        /* [01001110] = 078 */     765, 12,
        /* [01001111] = 079 */     777, 9,
        /* [01010000] = 080 */     786, 12,
        /* [01010001] = 081 */     798, 15,
        /* [01010010] = 082 */     813, 15,
        /* [01010011] = 083 */     828, 12,
        /* [01010100] = 084 */     840, 15,
        /* [01010101] = 085 */     855, 12,
        /* [01010110] = 086 */     867, 12,
        /* [01010111] = 087 */     879, 9,
        /* [01011000] = 088 */     888, 15,
        /* [01011001] = 089 */     903, 12,
        /* [01011010] = 090 */     915, 12,
        /* [01011011] = 091 */     927, 9,
        /* [01011100] = 092 */     936, 12,
        /* [01011101] = 093 */     948, 9,
        /* [01011110] = 094 */     957, 9,
        /* [01011111] = 095 */     966, 6,
        /* [01100000] = 096 */     972, 6,
        /* [01100001] = 097 */     978, 15,
        /* [01100010] = 098 */     993, 9,
        /* [01100011] = 099 */     1002, 12,
        /* [01100100] = 100 */     1014, 9,
        /* [01100101] = 101 */     1023, 12,
        /* [01100110] = 102 */     1035, 6,
        /* [01100111] = 103 */     1041, 9,
        /* [01101000] = 104 */     1050, 15,
        /* [01101001] = 105 */     1065, 12,
        /* [01101010] = 106 */     1077, 12,
        /* [01101011] = 107 */     1089, 9,
        /* [01101100] = 108 */     1098, 12,
        /* [01101101] = 109 */     1110, 9,
        /* [01101110] = 110 */     1119, 9,
        /* [01101111] = 111 */     1128, 6,
        /* [01110000] = 112 */     1134, 9,
        /* [01110001] = 113 */     1143, 12,
        /* [01110010] = 114 */     1155, 12,
        /* [01110011] = 115 */     1167, 9,
        /* [01110100] = 116 */     1176, 12,
        /* [01110101] = 117 */     1188, 9,
        /* [01110110] = 118 */     1197, 9,
        /* [01110111] = 119 */     1206, 6,
        /* [01111000] = 120 */     1212, 12,
        /* [01111001] = 121 */     1224, 9,
        /* [01111010] = 122 */     1233, 9,
        /* [01111011] = 123 */     1242, 6,
        /* [01111100] = 124 */     1248, 9,
        /* [01111101] = 125 */     1257, 6,
        /* [01111110] = 126 */     1263, 6,
        /* [01111111] = 127 */     1269, 3,
        /* [10000000] = 128 */     1272, 3,
        /* [10000001] = 129 */     1275, 12,
        /* [10000010] = 130 */     1287, 6,
        /* [10000011] = 131 */     1293, 15,
        /* [10000100] = 132 */     1308, 12,
        /* [10000101] = 133 */     1320, 15,
        /* [10000110] = 134 */     1335, 15,
        /* [10000111] = 135 */     1350, 12,
        /* [10001000] = 136 */     1362, 6,
        /* [10001001] = 137 */     1368, 9,
        /* [10001010] = 138 */     1377, 15,
        /* [10001011] = 139 */     1392, 12,
        /* [10001100] = 140 */     1404, 9,
        /* [10001101] = 141 */     1413, 12,
        /* [10001110] = 142 */     1425, 12,
        /* [10001111] = 143 */     1437, 9,
        /* [10010000] = 144 */     1446, 6,
        /* [10010001] = 145 */     1452, 9,
        /* [10010010] = 146 */     1461, 15,
        /* [10010011] = 147 */     1476, 12,
        /* [10010100] = 148 */     1488, 15,
        /* [10010101] = 149 */     1503, 12,
        /* [10010110] = 150 */     1515, 12,
        /* [10010111] = 151 */     1527, 9,
        /* [10011000] = 152 */     1536, 9,
        /* [10011001] = 153 */     1545, 6,
        /* [10011010] = 154 */     1551, 12,
        /* [10011011] = 155 */     1563, 9,
        /* [10011100] = 156 */     1572, 12,
        /* [10011101] = 157 */     1584, 9,
        /* [10011110] = 158 */     1593, 9,
        /* [10011111] = 159 */     1602, 6,
        /* [10100000] = 160 */     1608, 12,
        /* [10100001] = 161 */     1620, 15,
        /* [10100010] = 162 */     1635, 15,
        /* [10100011] = 163 */     1650, 12,
        /* [10100100] = 164 */     1662, 15,
        /* [10100101] = 165 */     1677, 12,
        /* [10100110] = 166 */     1689, 12,
        /* [10100111] = 167 */     1701, 9,
        /* [10101000] = 168 */     1710, 15,
        /* [10101001] = 169 */     1725, 12,
        /* [10101010] = 170 */     1737, 12,
        /* [10101011] = 171 */     1749, 9,
        /* [10101100] = 172 */     1758, 12,
        /* [10101101] = 173 */     1770, 9,
        /* [10101110] = 174 */     1779, 9,
        /* [10101111] = 175 */     1788, 6,
        /* [10110000] = 176 */     1794, 9,
        /* [10110001] = 177 */     1803, 12,
        /* [10110010] = 178 */     1815, 12,
        /* [10110011] = 179 */     1827, 9,
        /* [10110100] = 180 */     1836, 12,
        /* [10110101] = 181 */     1848, 9,
        /* [10110110] = 182 */     1857, 9,
        /* [10110111] = 183 */     1866, 6,
        /* [10111000] = 184 */     1872, 12,
        /* [10111001] = 185 */     1884, 9,
        /* [10111010] = 186 */     1893, 9,
        /* [10111011] = 187 */     1902, 6,
        /* [10111100] = 188 */     1908, 9,
        /* [10111101] = 189 */     1917, 6,
        /* [10111110] = 190 */     1923, 6,
        /* [10111111] = 191 */     1929, 3,
        /* [11000000] = 192 */     1932, 6,
        /* [11000001] = 193 */     1938, 15,
        /* [11000010] = 194 */     1953, 15,
        /* [11000011] = 195 */     1968, 12,
        /* [11000100] = 196 */     1980, 9,
        /* [11000101] = 197 */     1989, 12,
        /* [11000110] = 198 */     2001, 12,
        /* [11000111] = 199 */     2013, 9,
        /* [11001000] = 200 */     2022, 9,
        /* [11001001] = 201 */     2031, 12,
        /* [11001010] = 202 */     2043, 12,
        /* [11001011] = 203 */     2055, 9,
        /* [11001100] = 204 */     2064, 6,
        /* [11001101] = 205 */     2070, 9,
        /* [11001110] = 206 */     2079, 9,
        /* [11001111] = 207 */     2088, 6,
        /* [11010000] = 208 */     2094, 9,
        /* [11010001] = 209 */     2103, 12,
        /* [11010010] = 210 */     2115, 12,
        /* [11010011] = 211 */     2127, 9,
        /* [11010100] = 212 */     2136, 12,
        /* [11010101] = 213 */     2148, 9,
        /* [11010110] = 214 */     2157, 9,
        /* [11010111] = 215 */     2166, 6,
        /* [11011000] = 216 */     2172, 12,
        /* [11011001] = 217 */     2184, 9,
        /* [11011010] = 218 */     2193, 9,
        /* [11011011] = 219 */     2202, 6,
        /* [11011100] = 220 */     2208, 9,
        /* [11011101] = 221 */     2217, 6,
        /* [11011110] = 222 */     2223, 6,
        /* [11011111] = 223 */     2229, 3,
        /* [11100000] = 224 */     2232, 9,
        /* [11100001] = 225 */     2241, 12,
        /* [11100010] = 226 */     2253, 12,
        /* [11100011] = 227 */     2265, 9,
        /* [11100100] = 228 */     2274, 12,
        /* [11100101] = 229 */     2286, 9,
        /* [11100110] = 230 */     2295, 9,
        /* [11100111] = 231 */     2304, 6,
        /* [11101000] = 232 */     2310, 12,
        /* [11101001] = 233 */     2322, 9,
        /* [11101010] = 234 */     2331, 9,
        /* [11101011] = 235 */     2340, 6,
        /* [11101100] = 236 */     2346, 9,
        /* [11101101] = 237 */     2355, 6,
        /* [11101110] = 238 */     2361, 6,
        /* [11101111] = 239 */     2367, 3,
        /* [11110000] = 240 */     2370, 6,
        /* [11110001] = 241 */     2376, 9,
        /* [11110010] = 242 */     2385, 9,
        /* [11110011] = 243 */     2394, 6,
        /* [11110100] = 244 */     2400, 9,
        /* [11110101] = 245 */     2409, 6,
        /* [11110110] = 246 */     2415, 6,
        /* [11110111] = 247 */     2421, 3,
        /* [11111000] = 248 */     2424, 9,
        /* [11111001] = 249 */     2433, 6,
        /* [11111010] = 250 */     2439, 6,
        /* [11111011] = 251 */     2445, 3,
        /* [11111100] = 252 */     2448, 6,
        /* [11111101] = 253 */     2454, 3,
        /* [11111110] = 254 */     2457, 3,
        /* [11111111] = 255 */     2460, 0
